Accuracy: 0.7509157509157509
Recall: 0.5466666666666666
Specificity: 0.8282828282828283
Precision: 0.5466666666666666
F1: 0.5466666666666666
Informedness: 0.3749494949494949
