Accuracy: 0.7480314960629921
Recall: 0.5428571428571428
Specificity: 0.8260869565217391
Precision: 0.5428571428571428
F1: 0.5428571428571428
Informedness: 0.36894409937888195
