Accuracy: 0.7166123778501629
Recall: 0.5028571428571429
Specificity: 0.8018223234624146
Precision: 0.5028571428571429
F1: 0.5028571428571429
Informedness: 0.30467946631955733
