Accuracy: 0.6862745098039216
Recall: 0.4666666666666667
Specificity: 0.7777777777777778
Precision: 0.4666666666666667
F1: 0.4666666666666667
Informedness: 0.24444444444444446
