Cross-validation
Accuracy: 0.7166123778501629
Recall: 0.5028571428571429
Specificity: 0.8018223234624146
Precision: 0.5028571428571429
F1: 0.5028571428571429
Informedness: 0.30467946631955733
Test
Accuracy: 0.6862745098039216
Recall: 0.4666666666666667
Specificity: 0.7777777777777778
Precision: 0.4666666666666667
F1: 0.4666666666666667
Informedness: 0.24444444444444446
